%YAML:1.0
CM: !!opencv-matrix
   rows: 3
   cols: 3
   dt: d
   data: [ 4.3711431784991174e+02, 0., 7.3062815583644897e+02, 0.,
       4.3341973199747480e+02, 5.3790815454209053e+02, 0., 0., 1. ]
D: !!opencv-matrix
   rows: 1
   cols: 5
   dt: d
   data: [ -1.3354839661469969e-01, 4.7613078112097702e-02,
       -1.1066596777454248e-02, -9.7571795976193042e-03,
       -1.6288268791221902e-02 ]
