%YAML:1.0
M1: !!opencv-matrix
   rows: 3
   cols: 3
   dt: d
   data: [ 4.3711431784991174e+02, 0., 7.3062815583644897e+02, 0.,
       4.3341973199747480e+02, 5.3790815454209053e+02, 0., 0., 1. ]
D1: !!opencv-matrix
   rows: 1
   cols: 5
   dt: d
   data: [ -1.3354839661469969e-01, 4.7613078112097702e-02,
       -1.1066596777454248e-02, -9.7571795976193042e-03,
       -1.6288268791221902e-02 ]
M2: !!opencv-matrix
   rows: 3
   cols: 3
   dt: d
   data: [ 6.7154833688017641e+02, 0., 6.8634902216337832e+02, 0.,
       6.7980579605555977e+02, 5.0475321084439224e+02, 0., 0., 1. ]
D2: !!opencv-matrix
   rows: 1
   cols: 5
   dt: d
   data: [ -3.4024975651785339e-01, 1.6588551066789711e-01,
       -1.0254319536104855e-03, 6.2531351523295684e-04,
       -4.4717003743973582e-02 ]
