%YAML:1.0
M1: !!opencv-matrix
   rows: 3
   cols: 3
   dt: d
   data: [ 6.7154833688017641e+02, 0., 6.8634902216337832e+02, 0.,
       6.7980579605555977e+02, 5.0475321084439224e+02, 0., 0., 1. ]
D1: !!opencv-matrix
   rows: 1
   cols: 5
   dt: d
   data: [ -3.4024975651785339e-01, 1.6588551066789711e-01,
       -1.0254319536104855e-03, 6.2531351523295684e-04,
       -4.4717003743973582e-02 ]
M2: !!opencv-matrix
   rows: 3
   cols: 3
   dt: d
   data: [ 6.7154833688017641e+02, 0., 6.8634902216337832e+02, 0.,
       6.7980579605555977e+02, 5.0475321084439224e+02, 0., 0., 1. ]
D2: !!opencv-matrix
   rows: 1
   cols: 5
   dt: d
   data: [ -3.4024975651785339e-01, 1.6588551066789711e-01,
       -1.0254319536104855e-03, 6.2531351523295684e-04,
       -4.4717003743973582e-02 ]
