%YAML:1.0
M1: !!opencv-matrix
   rows: 3
   cols: 3
   dt: d
   data: [ 8.0166293308417085e+02, 0., 7.1744040400141341e+02, 0.,
       8.0216631222839010e+02, 4.7029497671806854e+02, 0., 0., 1. ]
D1: !!opencv-matrix
   rows: 1
   cols: 5
   dt: d
   data: [ -4.3618146460705659e-01, 2.2388437175095738e-01,
       -1.6119929296606222e-03, -4.3197528863987205e-03,
       -5.2692981749494147e-02 ]
M2: !!opencv-matrix
   rows: 3
   cols: 3
   dt: d
   data: [ 1.5424254608607656e+04, 0., 6.5392447039182593e+02, 0.,
       1.1451496556147576e+04, 5.4128810398115502e+02, 0., 0., 1. ]
D2: !!opencv-matrix
   rows: 1
   cols: 5
   dt: d
   data: [ -7.2193318472133441e+01, 8.3157433036408565e+03,
       5.5113809757021437e-01, 4.9594854331076049e-02,
       -1.5498049113182857e+04 ]
