%YAML:1.0
CM1: !!opencv-matrix
   rows: 3
   cols: 3
   dt: d
   data: [ 5.6109554979562768e+02, 0., 6.8973787090206019e+02, 0.,
       5.4576728573569039e+02, 4.8949362103951978e+02, 0., 0., 1. ]
CM2: !!opencv-matrix
   rows: 3
   cols: 3
   dt: d
   data: [ 5.6109554979562768e+02, 0., 6.8437862179255683e+02, 0.,
       5.4576728573569039e+02, 4.9543450917508113e+02, 0., 0., 1. ]
D1: !!opencv-matrix
   rows: 1
   cols: 5
   dt: d
   data: [ -2.6714781951106759e-01, 1.1018469668699336e-01, 0., 0.,
       -2.1812577127839402e-02 ]
D2: !!opencv-matrix
   rows: 1
   cols: 5
   dt: d
   data: [ -1.7103973504787204e-01, -1.5227349140827398e-01, 0., 0.,
       2.4539243794007246e-01 ]
R: !!opencv-matrix
   rows: 3
   cols: 3
   dt: d
   data: [ 9.9896762552520635e-01, -7.1752924807676520e-03,
       -4.4857533707801996e-02, 9.8208339964826977e-03,
       9.9820747161233170e-01, 5.9037232632717179e-02,
       4.4353515893835092e-02, -5.9416822492720664e-02,
       9.9724741505442061e-01 ]
T: !!opencv-matrix
   rows: 3
   cols: 1
   dt: d
   data: [ -8.3584966365678923e+00, -1.8160656052490023e-01,
       1.3440749980816719e-01 ]
E: !!opencv-matrix
   rows: 3
   cols: 3
   dt: d
   data: [ -9.3748832121641756e-03, -1.2337608577902399e-01,
       -1.8904171987413759e-01, 5.0499745435472554e-01,
       -4.9759972408368947e-01, 8.3294599756051735e+00,
       9.9331666619467018e-02, -8.3448168742568072e+00,
       -5.0160893280314645e-01 ]
F: !!opencv-matrix
   rows: 3
   cols: 3
   dt: d
   data: [ 6.4641135081135290e-08, 8.7458781016509805e-07,
       2.5868016422483155e-04, -3.5798235529542045e-06,
       3.6264516165232150e-06, -3.2436341019918366e-02,
       1.3450315299063610e-03, 3.0796219418722740e-02,
       9.9999999999999989e-01 ]
R1: !!opencv-matrix
   rows: 3
   cols: 3
   dt: d
   data: [ 9.9810322038282873e-01, 1.5462735940596394e-02,
       -5.9589137086033708e-02, -1.3672427764412831e-02,
       9.9944625113333418e-01, 3.0335718461097946e-02,
       6.0025212873038962e-02, -2.9463450116296194e-02,
       9.9776193499591426e-01 ]
R2: !!opencv-matrix
   rows: 3
   cols: 3
   dt: d
   data: [ 9.9963487616742508e-01, 2.1719246837675534e-02,
       -1.6074472512065945e-02, -2.2190417383088117e-02,
       9.9931137758069433e-01, -2.9738123917613612e-02,
       1.5417513616059586e-02, 3.0083965074090939e-02,
       9.9942846433315058e-01 ]
P1: !!opencv-matrix
   rows: 3
   cols: 4
   dt: d
   data: [ 2.3249346197285581e+02, 0., 6.7841951656341553e+02, 0., 0.,
       2.3249346197285581e+02, 4.7578065252304077e+02, 0., 0., 0., 1.,
       0. ]
P2: !!opencv-matrix
   rows: 3
   cols: 4
   dt: d
   data: [ 2.3249346197285581e+02, 0., 6.7841951656341553e+02,
       -1.9440056227076511e+03, 0., 2.3249346197285581e+02,
       4.7578065252304077e+02, 0., 0., 0., 1., 0. ]
Q: !!opencv-matrix
   rows: 4
   cols: 4
   dt: d
   data: [ 1., 0., 0., -6.7841951656341553e+02, 0., 1., 0.,
       -4.7578065252304077e+02, 0., 0., 0., 2.3249346197285581e+02, 0.,
       0., 1.1959505633992669e-01, 0. ]
